1
10
100
1000
10000
100000
1000000
10000000
100000000
1000000000
2
20
200
2000
20000
200000
2000000
20000000
200000000
2000000000
3
30
300
3000
30000
300000
3000000
30000000
300000000
3000000000
4
40
400
4000
40000
400000
4000000
40000000
400000000
4000000000
5
50
500
5000
50000
500000
5000000
50000000
500000000
5000000000
6
60
600
6000
60000
600000
6000000
60000000
600000000
6000000000
7
70
700
7000
70000
700000
7000000
70000000
700000000
7000000000
8
80
800
8000
80000
800000
8000000
80000000
800000000
8000000000
9
90
900
9000
90000
900000
9000000
90000000
900000000
9000000000