1
01
001
0001
00001
000001
0000001
00000001
000000001
0000000001
2
02
002
0002
00002
000002
0000002
00000002
000000002
0000000002
3
03
003
0003
00003
000003
0000003
00000003
000000003
0000000003
4
04
004
0004
00004
000004
0000004
00000004
000000004
0000000004
5
05
005
0005
00005
000005
0000005
00000005
000000005
0000000005
6
06
006
0006
00006
000006
0000006
00000006
000000006
0000000006
7
07
007
0007
00007
000007
0000007
00000007
000000007
0000000007
8
08
008
0008
00008
000008
0000008
00000008
000000008
0000000008
9
09
009
0009
00009
000009
0000009
00000009
000000009
0000000009
